-3262367 2783923
4188748 5622081
-4901736 -6615170
3054481 8394693
5923605 -9428866
-7453539 -2296688
5846877 -4916059
1208988 -1100075
5017733 -5188244
3558663 4245215
1468364 9035735
-3456919 -357863
-6809927 -278128
-5019518 8573889
7283604 6669360
9723985 -77688
1635470 -6243912
8099105 3526944
502285 3460802
4951737 7871721
5868130 4330953
-3029404 -3669537
-8403442 -2769148
-5269732 -2410182
2403517 7475913
-4317144 8572040
-636909 9789435
-1597260 -4543238
3795750 3269839
-8499640 9341115
6327880 3693715
7101865 -833513
-7985294 9380696
5145276 -1718337
-8620436 2686123
-971893 5230731
-7310121 4202600
1909491 9651304
-3945901 8873234
-9543613 -4357956
-9775590 -6630183
6286529 -7467555
-6968651 4282097
438035 5677381
4667600 -3853650
-1229647 -2362506
6181689 7111236
-9385838 -4960715
4280380 3702400
-7676479 6833494
-5607241 -8377767
-1695893 6983973
-3872357 7508880
6740428 -1533233
7136764 -7337621
4547522 9276423
-8762965 -9904416
5194431 -5873240
-1826032 -1418922
-3768540 6527418
5510177 -9993932
-1611227 -3896802
2389746 -5714637
5308873 -4598812
-4169966 4848626
-9280091 3497821
-6177453 -7560056
5183392 7223909
7666119 2343752
-45422 -2167067
-6172632 -1406905
6512108 6323397
1287636 1017018
1263747 -4105948
2397702 628675
-4102714 9112683
7999210 -761164
-6978880 -7071367
-9091458 4304124
3269390 5378794
-7816472 2495023
9759962 5425770
-7978637 -9565896
5119356 8178449
6763051 -3256672
6140695 1177207
-7107562 -8228148
-8685367 -479788
-6673004 -4604866
-8551535 3305250
7587012 -3631245
6940395 4244166
-8936135 -4819151
-5086694 -3986508
-2329752 314501
-2906160 8020440
-6971849 3415125
-5878446 8455238
-8099008 -8055034
-2840897 -963514
